371
1047
1086
1084
1073
1080
1090
1072
32
1089
1077
32
1086
1087
1080
1090
1074
1072
1090
32
1076
1072
32
1079
1072
1074
1083
1072
1076
1077
1103
1090
32
1075
1088
1072
1076
1072
46
32
1048
1079
1087
1088
1072
1090
1077
1085
32
1089
1080
32
1076
1072
32
1075
1080
32
1089
1087
1088
1077
1096
46
32
13
10
1042
32
1085
1072
1095
1072
1083
1086
1090
1086
32
1088
1072
1079
1087
1086
1083
1072
1075
1072
1096
32
1089
32
1084
1072
1083
1082
1072
32
1074
1086
1081
1089
1082
1072
44
32
1089
1072
1084
1086
32
1086
1090
32
1074
1086
1081
1085
1080
1094
1080
44
32
1085
1086
32
1087
1086
13
10
1087
1098
1090
1103
32
1097
1077
32
1089
1088
1077
1097
1072
1096
32
1084
1072
1075
1080
1095
1077
1089
1082
1080
32
1087
1086
1088
1090
1072
1083
1080
46
32
1045
1076
1080
1085
1080
1103
1090
32
1090
1080
1087
32
1087
1086
1088
1090
1072
1083
1080
32
13
10
1091
1074
1077
1083
1080
1095
1072
1074
1072
32
1073
1088
1086
1103
32
1085
1072
32
1074
1086
1081
1085
1080
1094
1080
1090
1077
44
32
1072
32
1076
1088
1091
1075
1080
1103
1090
32
1090
1080
1087
32
1090
1077
1083
1077
1087
1086
1088
1090
1080
1088
1072
32
1084
1072
1075
1086
1074
1077
13
10
1074
1098
1074
32
1074
1086
1081
1089
1082
1072
1090
1072
32
1090
1080
46
32
1059
1087
1088
1072
1074
1083
1103
1074
1072
1096
32
1074
1086
1081
1089
1082
1072
1090
1072
32
1089
1098
1089
32
1089
1090
1088
1077
1083
1082
1080
1090
1077
46
32
1050
1086
1075
1072
1090
1086
32
13
10
1091
1085
1080
1097
1086
1078
1080
1096
32
1079
1072
1084
1098
1082
1072
44
32
1086
1090
32
1082
1086
1081
1090
1086
32
1089
1077
32
1088
1072
1078
1076
1072
1090
32
1079
1086
1084
1073
1080
1090
1072
1090
1072
44
32
1084
1080
1085
1072
1074
1072
1096
32
1085
1080
1074
1086
1090
1086
32
33
0
