1
292.02
40
0
0
250
0
0
0
0
0
84
65
82
76
89
79
0
65278
65278
65278
65278
65278
65278
65278
65278
65278
0
30
3
308.791
422.591
30
3
339.927
418.764
30
3
355.491
401.939
23
3
357.46
395.159
24
3
362.858
392.573
22
3
366.329
393.498
29
3
373.246
410.499
22
3
375.828
411.213
30
3
379.73
417
25
3
390.064
424.692
30
3
324.634
413.696
30
3
343.084
396.441
23
3
343.297
389.101
17
3
345.602
385.542
10
3
346.951
383.838
10
3
348.415
383.202
19
3
353.054
383.897
14
3
356.416
385.208
16
3
360.357
387.494
12
3
365.61
391.431
16
3
338.148
396.856
25
3
335.576
384.68
22
3
335.468
381.123
22
3
336.468
379.451
24
3
336.432
378.803
26
3
336.14
378.292
21
3
337.954
378.412
17
3
337.926
378.11
16
3
340.224
378.244
25
3
351.451
381.171
10
20
1
302.641
354.511
22
2
333.337
358.171
26
0
351.906
368.172
18
1
360.819
376.584
8
0
370.441
380.124
8
1
374.08
382.549
12
1
379.986
384.803
12
0
385.306
384.222
13
0
312.824
366.129
20
1
335.562
368.832
18
2
352.226
379.969
20
0
359.692
389.313
11
0
361.759
394.03
3
2
365.694
399.864
20
1
368.918
403.735
1
2
339.605
378.407
24
0
356.632
385.263
8
1
359.068
396.816
12
2
359.699
404.724
15
2
363.766
414.687
13
2
0
226.482
284.401
0
375.22
283.301
